262 0 0 0 0
0 0 0 1 0
1 0 0 0 0
0 0 0 914 0
2 0 3 0 0
0 5 0 1 0
0 0 1 0 3
0 264 12 0 1
0 0 0 1 0
4 1 3 1 0
0 0 2 7 401
1 7 0 0 5
2 0 5 0 0
0 0 0 0 1
0 1 45 0 0
0 0 0 0 0
0 0 0 0 0
0 10 2 58 1
106 0 0 0 8
0 0 0 0 0
0 0 0 2 2
0 0 0 350 0
0 2 2 0 0
0 0 0 0 0
0 0 0 0 0
0 525 0 0 0
0 0 0 0 1
0 0 1 9 3
0 0 1 0 360
0 0 0 0 0
0 0 0 0 14
6 0 0 2 0
0 0 320 0 0
0 0 0 0 0
0 1 2 0 0
0 0 0 0 0
84 0 0 0 0
0 0 1 1 0
8 0 0 0 0
1 1 0 167 0
0 0 0 0 0
2 0 0 0 0
0 0 0 0 0
0 447 0 0 0
0 0 1 8 0
0 0 0 0 0
0 0 0 0 500
0 0 0 0 2
0 0 0 0 0
0 0 1 0 0
0 0 121 0 0
0 2 0 1 0
0 0 0 0 0
0 0 0 0 0
53 0 0 0 0
0 0 0 0 0
0 0 0 0 0
0 0 0 80
486 11 2 84 0
0 0 9 1309 0
21 0 0 0 6
2 260 21 0 1
0 13 10 21 1914
0 0 0 0 2
0 0 524 0 0
1 0 0 1 0
448 0 0 0 0
0 0 0 80
479 9 2 92 0
0 0 9 1310 0
20 0 0 0 5
1 262 21 0 1
0 11 11 19 1919
0 0 0 0 2
0 0 524 0 0
1 0 0 1 0
448 0 0 0 0
0 0 0 79
1922 1 79 0 9
263 17 1 40 20
1898 0 6 0 0
970
4917 20 36 253
